--->Giong all24_H.txt Nhưng đã làm tròn góc và giảm đi 0.01

"A1": (13.5,10.5,0.15,1.56),
"B1": (13.5,7.5,0.15,1.56),
"C1": (13.5,4.5,0.15,1.56),
"D1": (13.5,1.5,0.15,1.56),
"E1": (13.5,-1.5,0.15,1.56),
"F1": (13.5,-4.5,0.15,1.56),
"G1": (13.5,-7.5,0.15,1.56),
"H1": (13.5,-10.5,0.15,1.56),
"A2": (16.5,10.5,0.15,1.56),
"B2": (16.5,7.5,0.15,1.56),
"C2": (16.5,4.5,0.15,1.56),
"D2": (16.5,1.5,0.15,1.56),
"E2": (16.5,-1.5,0.15,1.56),
"F2": (16.5,-4.5,0.15,1.56),
"G2": (16.5,-7.5,0.15,1.56),
"H2": (16.5,-10.5,0.15,1.56),
"A3": (19.5,10.5,0.15,1.56),
"B3": (19.5,7.5,0.15,1.56),
"C3": (19.5,4.5,0.15,1.56),
"D3": (19.5,1.5,0.15,1.56),
"E3": (19.5,-1.5,0.15,1.56),
"F3": (19.5,-4.5,0.15,1.56),
"G3": (19.5,-7.5,0.15,1.56),
"H3": (19.5,-10.5,0.15,1.56),
"A4": (22.5,10.5,0.15,1.46),
"B4": (22.5,7.5,0.15,1.51),
"C4": (22.5,4.5,0.15,1.54),
"D4": (22.5,1.5,0.15,1.56),
"E4": (22.5,-1.5,0.15,1.56),
"F4": (22.5,-4.5,0.15,1.54),
"G4": (22.5,-7.5,0.15,1.51),
"H4": (22.5,-10.5,0.15,1.46),
"A5": (25.5,10.5,0.12,1.43),
"B5": (25.5,7.5,0.12,1.49),
"C5": (25.5,4.5,0.12,1.53),
"D5": (25.5,1.5,0.12,1.55),
"E5": (25.5,-1.5,0.12,1.55),
"F5": (25.5,-4.5,0.12,1.53),
"G5": (25.5,-7.5,0.12,1.49),
"H5": (25.5,-10.5,0.12,1.43),
"A6": (28.5,10.5,0.12,1.27),
"B6": (28.5,7.5,0.12,1.32),
"C6": (28.5,4.5,0.12,1.36),
"D6": (28.5,1.5,0.12,1.38),
"E6": (28.5,-1.5,0.12,1.38),
"F6": (28.5,-4.5,0.12,1.36),
"G6": (28.5,-7.5,0.12,1.32),
"H6": (28.5,-10.5,0.12,1.27),
"A7": (31.5,10.5,0.1,1.18),
"B7": (31.5,7.5,0.1,1.23),
"C7": (31.5,4.5,0.1,1.26),
"D7": (31.5,1.5,0.1,1.28),
"E7": (31.5,-1.5,0.1,1.28),
"F7": (31.5,-4.5,0.1,1.26),
"G7": (31.5,-7.5,0.1,1.23),
"H7": (31.5,-10.5,0.1,1.18),
"A8": (34.5,10.5,0.1,1.02),
"B8": (34.5,7.5,0.1,1.06),
"C8": (34.5,4.5,0.1,1.09),
"D8": (34.5,1.5,0.1,1.11),
"E8": (34.5,-1.5,0.1,1.11),
"F8": (34.5,-4.5,0.1,1.09),
"G8": (34.5,-7.5,0.1,1.06),
"H8": (34.5,-10.5,0.1,1.02),
