--->Giong all24_L.txt Nhưng đã làm tròn góc và giảm đi 0.01

"A1": (13.5,10.5,0.03,1.56),
"B1": (13.5,7.5,0.03,1.56),
"C1": (13.5,4.5,0.03,1.56),
"D1": (13.5,1.5,0.03,1.56),
"E1": (13.5,-1.5,0.03,1.56),
"F1": (13.5,-4.5,0.03,1.56),
"G1": (13.5,-7.5,0.03,1.56),
"H1": (13.5,-10.5,0.03,1.56),
"A2": (16.5,10.5,0.03,1.56),
"B2": (16.5,7.5,0.03,1.56),
"C2": (16.5,4.5,0.03,1.56),
"D2": (16.5,1.5,0.03,1.56),
"E2": (16.5,-1.5,0.03,1.56),
"F2": (16.5,-4.5,0.03,1.56),
"G2": (16.5,-7.5,0.03,1.56),
"H2": (16.5,-10.5,0.03,1.56),
"A3": (19.5,10.5,0.03,1.56),
"B3": (19.5,7.5,0.03,1.56),
"C3": (19.5,4.5,0.03,1.56),
"D3": (19.5,1.5,0.03,1.56),
"E3": (19.5,-1.5,0.03,1.56),
"F3": (19.5,-4.5,0.03,1.56),
"G3": (19.5,-7.5,0.03,1.56),
"H3": (19.5,-10.5,0.03,1.56),
"A4": (22.5,10.5,0.03,1.56),
"B4": (22.5,7.5,0.03,1.56),
"C4": (22.5,4.5,0.03,1.56),
"D4": (22.5,1.5,0.03,1.56),
"E4": (22.5,-1.5,0.03,1.56),
"F4": (22.5,-4.5,0.03,1.56),
"G4": (22.5,-7.5,0.03,1.56),
"H4": (22.5,-10.5,0.03,1.56),
"A5": (25.5,10.5,0.03,1.56),
"B5": (25.5,7.5,0.03,1.56),
"C5": (25.5,4.5,0.03,1.56),
"D5": (25.5,1.5,0.03,1.56),
"E5": (25.5,-1.5,0.03,1.56),
"F5": (25.5,-4.5,0.03,1.56),
"G5": (25.5,-7.5,0.03,1.56),
"H5": (25.5,-10.5,0.03,1.56),
"A6": (28.5,10.5,0.03,1.52),
"B6": (28.5,7.5,0.03,1.56),
"C6": (28.5,4.5,0.03,1.56),
"D6": (28.5,1.5,0.03,1.52),
"E6": (28.5,-1.5,0.03,1.52),
"F6": (28.5,-4.5,0.03,1.56),
"G6": (28.5,-7.5,0.03,1.56),
"H6": (28.5,-10.5,0.03,1.52),
"A7": (31.5,10.5,0.03,1.34),
"B7": (31.5,7.5,0.03,1.39),
"C7": (31.5,4.5,0.03,1.43),
"D7": (31.5,1.5,0.03,1.44),
"E7": (31.5,-1.5,0.03,1.44),
"F7": (31.5,-4.5,0.03,1.43),
"G7": (31.5,-7.5,0.03,1.39),
"H7": (31.5,-10.5,0.03,1.34),
"A8": (34.5,10.5,0.03,1.17),
"B8": (34.5,7.5,0.03,1.21),
"C8": (34.5,4.5,0.03,1.25),
"D8": (34.5,1.5,0.03,1.26),
"E8": (34.5,-1.5,0.03,1.26),
"F8": (34.5,-4.5,0.03,1.25),
"G8": (34.5,-7.5,0.03,1.21),
"H8": (34.5,-10.5,0.03,1.17),
